0.0000 1.585594e-05 -3.363328e-05 2.552005e-05 1.763663e-05
0.0100 8.834953e-04 1.237225e-04 4.909608e-05 1.084208e-04
0.0200 1.701302e-03 2.455696e-04 7.477510e-05 2.102937e-04
0.0300 2.398034e-03 3.710797e-04 1.113390e-04 2.871307e-04
0.0400 3.108511e-03 5.260702e-04 1.458570e-04 3.345422e-04
0.0500 5.002444e-03 8.776404e-04 2.229855e-04 4.068047e-04
0.0600 1.119483e-02 1.397452e-03 3.412725e-04 5.151651e-04
0.0700 1.213895e-02 1.662923e-03 3.980588e-04 5.233057e-04
0.0800 1.200841e-02 1.693369e-03 4.184356e-04 4.997171e-04
0.0900 1.218289e-02 1.652417e-03 4.421848e-04 4.761089e-04
0.1000 1.362835e-02 1.703693e-03 4.868905e-04 4.548845e-04
0.1100 1.648908e-02 1.943098e-03 5.143103e-04 4.485531e-04
0.1200 1.765078e-02 2.110819e-03 4.961212e-04 4.546350e-04
0.1300 1.781514e-02 2.158888e-03 4.725102e-04 4.614012e-04
0.1400 1.842966e-02 2.290776e-03 4.701172e-04 5.182331e-04
0.1500 2.045834e-02 3.257503e-03 6.261204e-04 6.731915e-04
0.1600 2.388485e-02 4.904672e-03 9.201018e-04 9.155760e-04
0.1700 2.596992e-02 5.647281e-03 1.034939e-03 1.079594e-03
0.1800 2.635048e-02 5.600776e-03 1.044902e-03 1.121051e-03
0.1900 2.653727e-02 5.602787e-03 1.053187e-03 1.110829e-03
0.2000 2.693964e-02 5.909235e-03 1.114828e-03 1.060134e-03
0.2100 2.741728e-02 6.443722e-03 1.225787e-03 9.677362e-04
0.2200 2.773624e-02 7.062603e-03 1.285559e-03 9.157334e-04
0.2300 2.804347e-02 7.449818e-03 1.264859e-03 9.261731e-04
0.2400 2.805600e-02 7.818090e-03 1.213119e-03 9.692616e-04
0.2500 2.735219e-02 8.657018e-03 1.215882e-03 1.048920e-03
0.2600 2.621169e-02 9.798054e-03 1.226628e-03 1.183237e-03
0.2700 2.534334e-02 1.053583e-02 1.204449e-03 1.258947e-03
0.2800 2.495981e-02 1.070375e-02 1.200489e-03 1.264510e-03
0.2900 2.433231e-02 1.114428e-02 1.277620e-03 1.264606e-03
0.3000 2.332502e-02 1.281143e-02 1.519526e-03 1.348967e-03
0.3100 2.206553e-02 1.496720e-02 1.803927e-03 1.551104e-03
0.3200 2.112092e-02 1.654734e-02 2.022416e-03 1.668885e-03
0.3300 2.063700e-02 1.684395e-02 2.144462e-03 1.654902e-03
0.3400 2.055956e-02 1.719695e-02 2.249138e-03 1.619520e-03
0.3500 2.045127e-02 1.848942e-02 2.366732e-03 1.711916e-03
0.3600 2.025727e-02 2.018483e-02 2.434893e-03 1.987175e-03
0.3700 1.994540e-02 2.167919e-02 2.404054e-03 2.166224e-03
0.3800 1.948393e-02 2.242862e-02 2.293813e-03 2.257924e-03
0.3900 1.865150e-02 2.279597e-02 2.276762e-03 2.306094e-03
0.4000 1.762833e-02 2.289219e-02 2.658836e-03 2.457289e-03
0.4100 1.639096e-02 2.276847e-02 3.292364e-03 2.952941e-03
0.4200 1.513822e-02 2.266140e-02 3.591481e-03 3.127740e-03
0.4300 1.422885e-02 2.274662e-02 3.575527e-03 3.136308e-03
0.4400 1.341909e-02 2.314879e-02 3.509341e-03 3.152881e-03
0.4500 1.252825e-02 2.349868e-02 3.697980e-03 3.240976e-03
0.4600 1.129293e-02 2.347376e-02 4.391523e-03 3.497650e-03
0.4700 9.909401e-03 2.325519e-02 4.820386e-03 3.552230e-03
0.4800 9.418855e-03 2.299266e-02 4.913940e-03 3.531347e-03
0.4900 8.991380e-03 2.270276e-02 4.909445e-03 3.553583e-03
0.5000 8.734983e-03 2.195425e-02 5.531053e-03 3.820955e-03
0.5100 8.457424e-03 2.061265e-02 7.712264e-03 4.540040e-03
0.5200 8.291214e-03 2.011273e-02 8.387854e-03 4.778623e-03
0.5300 8.286207e-03 2.006728e-02 8.396036e-03 4.779846e-03
0.5400 8.216096e-03 2.000942e-02 8.391630e-03 4.779436e-03
0.5500 7.364834e-03 1.945259e-02 9.439943e-03 4.996986e-03
0.5600 5.663513e-03 1.766323e-02 1.333178e-02 5.628362e-03
0.5700 4.634078e-03 1.704598e-02 1.430896e-02 5.873904e-03
0.5800 4.384408e-03 1.694172e-02 1.425641e-02 5.878793e-03
0.5900 4.267367e-03 1.687122e-02 1.428563e-02 5.848224e-03
0.6000 3.824511e-03 1.615071e-02 1.531967e-02 5.985326e-03
0.6100 2.789507e-03 1.372648e-02 1.825645e-02 6.599020e-03
0.6200 2.370925e-03 1.313491e-02 1.898475e-02 6.812126e-03
0.6300 2.349284e-03 1.319743e-02 1.894882e-02 6.821315e-03
0.6400 2.311850e-03 1.314476e-02 1.896563e-02 6.797161e-03
0.6500 2.096427e-03 1.207848e-02 1.970862e-02 6.639539e-03
0.6600 1.705331e-03 9.204264e-03 2.184568e-02 6.165986e-03
0.6700 1.634851e-03 8.467695e-03 2.242729e-02 6.085353e-03
0.6800 1.677519e-03 8.498173e-03 2.240694e-02 6.102043e-03
0.6900 1.646506e-03 8.488167e-03 2.234871e-02 6.098243e-03
0.7000 1.353283e-03 7.951780e-03 2.238034e-02 6.344283e-03
0.7100 6.447372e-04 6.128887e-03 2.256461e-02 7.446645e-03
0.7200 3.909747e-04 5.549784e-03 2.259190e-02 7.698429e-03
0.7300 3.785691e-04 5.556540e-03 2.254944e-02 7.693342e-03
0.7400 3.978593e-04 5.589115e-03 2.253650e-02 7.707173e-03
0.7500 3.940389e-04 5.164564e-03 2.238658e-02 7.940912e-03
0.7600 3.483027e-04 3.752536e-03 2.168264e-02 9.005611e-03
0.7700 3.359123e-04 3.354228e-03 2.152916e-02 9.251831e-03
0.7800 3.155271e-04 3.311441e-03 2.153518e-02 9.242953e-03
0.7900 2.835360e-04 3.235588e-03 2.155171e-02 9.232171e-03
0.8000 2.418358e-04 2.988221e-03 2.140184e-02 9.881907e-03
0.8100 1.571123e-04 2.422197e-03 2.060222e-02 1.290153e-02
0.8200 1.041307e-04 2.195063e-03 2.045542e-02 1.357208e-02
0.8300 9.133878e-05 2.178534e-03 2.046243e-02 1.355819e-02
0.8400 9.906118e-05 2.183960e-03 2.045653e-02 1.353789e-02
0.8500 7.603144e-05 2.052955e-03 1.972516e-02 1.365591e-02
0.8600 -5.681512e-06 1.700328e-03 1.658915e-02 1.418545e-02
0.8700 -3.494964e-05 1.565314e-03 1.596729e-02 1.431983e-02
0.8800 -3.173100e-05 1.569058e-03 1.595613e-02 1.430348e-02
0.8900 -2.674151e-05 1.566046e-03 1.592745e-02 1.429589e-02
0.9000 -1.177253e-05 1.485568e-03 1.567547e-02 1.524697e-02
0.9100 1.147640e-05 1.307637e-03 1.454343e-02 1.896082e-02
0.9200 6.527558e-06 1.200355e-03 1.417391e-02 1.992433e-02
0.9300 -8.539898e-06 1.171636e-03 1.421479e-02 1.991417e-02
0.9400 1.421119e-06 1.188878e-03 1.420494e-02 1.990912e-02
0.9500 1.819865e-05 1.219502e-03 1.338182e-02 1.994234e-02
0.9600 4.189076e-05 1.251617e-03 1.018668e-02 2.023395e-02
0.9700 5.857190e-05 1.269983e-03 9.340190e-03 2.028360e-02
0.9800 6.507047e-05 1.270279e-03 9.330500e-03 2.029960e-02
0.9900 6.945497e-05 1.233918e-03 9.400031e-03 2.026980e-02
1.0000 5.744030e-05 1.128362e-03 8.170117e-03 1.884771e-02
1.0100 1.654460e-05 9.415782e-04 4.362036e-03 1.251576e-02
1.0200 1.117614e-05 8.196436e-04 3.399956e-03 1.109875e-02
1.0300 2.054615e-05 8.144287e-04 3.368889e-03 1.108687e-02
1.0400 2.243877e-05 8.036853e-04 3.353449e-03 1.107731e-02
1.0500 2.754274e-05 7.727535e-04 3.014511e-03 1.083033e-02
1.0600 4.146074e-05 7.248882e-04 1.898729e-03 9.689579e-03
1.0700 4.472685e-05 6.750851e-04 1.582825e-03 9.391190e-03
1.0800 4.115566e-05 6.624070e-04 1.576941e-03 9.378569e-03
1.0900 3.950849e-05 6.852586e-04 1.579216e-03 9.374916e-03
1.1000 4.014676e-05 7.410264e-04 1.540791e-03 9.703064e-03
1.1100 4.551490e-05 8.388631e-04 1.386311e-03 1.133805e-02
1.1200 5.145076e-05 9.289570e-04 1.346247e-03 1.172248e-02
1.1300 5.209933e-05 9.521378e-04 1.346341e-03 1.171835e-02
1.1400 4.949438e-05 9.437193e-04 1.346498e-03 1.170468e-02
1.1500 6.180037e-05 9.394559e-04 1.202247e-03 1.135755e-02
1.1600 9.002707e-05 9.278071e-04 7.463259e-04 9.652202e-03
1.1700 9.814500e-05 9.165751e-04 6.260785e-04 9.260373e-03
1.1800 9.675866e-05 9.089479e-04 6.252723e-04 9.255520e-03
1.1900 1.001897e-04 9.189633e-04 6.210462e-04 9.240351e-03
1.2000 9.928264e-05 9.500939e-04 6.048102e-04 9.198224e-03
1.2100 8.969616e-05 9.904160e-04 5.658912e-04 8.856929e-03
1.2200 8.391834e-05 1.012229e-03 5.529261e-04 8.798198e-03
1.2300 8.498174e-05 1.019257e-03 5.460037e-04 8.791894e-03
1.2400 8.758002e-05 1.010384e-03 5.253605e-04 8.761554e-03
1.2500 9.224726e-05 9.275927e-04 4.479258e-04 8.037228e-03
1.2600 1.014735e-04 7.320374e-04 2.839086e-04 5.196211e-03
1.2700 1.115111e-04 6.556893e-04 2.048071e-04 4.500592e-03
1.2800 1.179436e-04 6.561432e-04 1.853338e-04 4.493062e-03
1.2900 1.205784e-04 6.550651e-04 1.752617e-04 4.468568e-03
1.3000 1.060871e-04 5.922733e-04 1.571625e-04 4.237931e-03
1.3100 6.985366e-05 4.374430e-04 1.244603e-04 3.400702e-03
1.3200 5.299478e-05 3.679255e-04 1.071364e-04 3.155917e-03
1.3300 5.090290e-05 3.604960e-04 1.037794e-04 3.146024e-03
1.3400 5.018626e-05 3.601162e-04 1.090071e-04 3.126624e-03
1.3500 6.142834e-05 3.814577e-04 1.215050e-04 3.047327e-03
1.3600 8.948315e-05 4.382093e-04 1.439355e-04 2.764199e-03
1.3700 1.027277e-04 4.634778e-04 1.558643e-04 2.627903e-03
1.3800 1.065742e-04 4.676716e-04 1.615073e-04 2.619071e-03
1.3900 1.111926e-04 4.720800e-04 1.712122e-04 2.610263e-03
1.4000 1.370705e-04 4.983257e-04 2.071907e-04 2.564858e-03
1.4100 1.942108e-04 5.689910e-04 2.819144e-04 2.402815e-03
1.4200 2.211326e-04 5.948349e-04 3.211940e-04 2.348401e-03
1.4300 2.244924e-04 5.982297e-04 3.169536e-04 2.340970e-03
1.4400 2.243034e-04 5.978645e-04 2.990727e-04 2.314882e-03
1.4500 2.239331e-04 5.851071e-04 2.752691e-04 2.166255e-03
1.4600 2.210343e-04 5.457249e-04 2.468977e-04 1.715384e-03
1.4700 2.187324e-04 5.370151e-04 2.183086e-04 1.525008e-03
1.4800 2.194008e-04 5.357453e-04 2.034943e-04 1.510253e-03
1.4900 2.161252e-04 5.277209e-04 1.825912e-04 1.475636e-03
1.5000 1.902075e-04 4.493675e-04 1.563914e-04 1.332994e-03
1.5100 1.448234e-04 2.771047e-04 1.307494e-04 8.373187e-04
1.5200 1.212582e-04 2.012208e-04 1.065543e-04 6.262545e-04
1.5300 1.167356e-04 1.903771e-04 9.320603e-05 6.200431e-04
1.5400 1.167237e-04 1.889479e-04 8.965850e-05 6.235901e-04
1.5500 1.282270e-04 1.866722e-04 9.093822e-05 6.259714e-04
1.5600 1.507446e-04 1.880293e-04 9.389458e-05 6.465427e-04
1.5700 1.605748e-04 1.872517e-04 9.672145e-05 6.611248e-04
1.5800 1.629138e-04 1.870746e-04 9.830623e-05 6.620206e-04
1.5900 1.692464e-04 1.895906e-04 1.009396e-04 6.602516e-04
1.6000 1.909415e-04 2.130054e-04 1.025408e-04 6.652162e-04
1.6100 2.370550e-04 2.609416e-04 1.036066e-04 6.807474e-04
1.6200 2.581837e-04 2.856789e-04 1.011828e-04 6.818021e-04
1.6300 2.581882e-04 2.881089e-04 9.552492e-05 6.761612e-04
1.6400 2.488164e-04 2.787079e-04 8.463474e-05 6.528038e-04
1.6500 2.078166e-04 2.345702e-04 7.404172e-05 5.795669e-04
1.6600 1.248451e-04 1.445780e-04 6.234738e-05 3.431312e-04
1.6700 7.620373e-05 1.002833e-04 5.284302e-05 2.293467e-04
1.6800 6.644270e-05 9.084542e-05 4.600873e-05 2.246844e-04
1.6900 6.878169e-05 9.420258e-05 4.362396e-05 2.257160e-04
1.7000 8.565889e-05 9.953597e-05 4.613429e-05 2.340333e-04
1.7100 1.211995e-04 1.142203e-04 4.975771e-05 2.582731e-04
1.7200 1.444797e-04 1.203100e-04 5.370506e-05 2.654141e-04
1.7300 1.515234e-04 1.206891e-04 5.553257e-05 2.649461e-04
1.7400 1.541063e-04 1.214556e-04 5.442214e-05 2.662324e-04
1.7500 1.564108e-04 1.315575e-04 5.259296e-05 2.700091e-04
1.7600 1.627865e-04 1.531803e-04 4.860388e-05 2.845866e-04
1.7700 1.610848e-04 1.648421e-04 4.336343e-05 2.851527e-04
1.7800 1.598952e-04 1.658600e-04 4.132087e-05 2.834500e-04
1.7900 1.619731e-04 1.646548e-04 4.159619e-05 2.802794e-04
1.8000 1.661935e-04 1.651559e-04 4.143984e-05 2.709279e-04
1.8100 1.806739e-04 1.681677e-04 4.183883e-05 2.519405e-04
1.8200 1.849821e-04 1.668811e-04 4.235375e-05 2.453371e-04
1.8300 1.817961e-04 1.642865e-04 4.148568e-05 2.397987e-04
1.8400 1.751002e-04 1.578352e-04 3.903230e-05 2.340389e-04
1.8500 1.529120e-04 1.327116e-04 3.371428e-05 2.102217e-04
1.8600 1.135676e-04 8.578805e-05 2.919300e-05 1.492142e-04
1.8700 8.324146e-05 6.228375e-05 2.423958e-05 1.076976e-04
1.8800 6.940062e-05 5.424952e-05 1.920315e-05 1.046820e-04
1.8900 6.862122e-05 5.654939e-05 1.786504e-05 1.017335e-04
1.9000 7.115161e-05 6.426514e-05 1.947453e-05 1.018975e-04
1.9100 7.900626e-05 7.634148e-05 2.117626e-05 1.096660e-04
1.9200 8.553514e-05 8.180456e-05 2.287605e-05 1.121671e-04
1.9300 8.822955e-05 8.294688e-05 2.470459e-05 1.129579e-04
1.9400 8.960973e-05 8.308652e-05 2.519061e-05 1.155894e-04
1.9500 9.749009e-05 8.536956e-05 2.368050e-05 1.210840e-04
1.9600 1.117468e-04 9.109769e-05 2.292888e-05 1.363257e-04
1.9700 1.234869e-04 9.221485e-05 2.202356e-05 1.483112e-04
1.9800 1.230254e-04 9.278182e-05 2.161679e-05 1.476774e-04
1.9900 1.211696e-04 9.104337e-05 2.084489e-05 1.455842e-04
2.0000 1.200065e-04 9.371994e-05 2.028836e-05 1.395173e-04
2.0100 1.113305e-04 9.523588e-05 1.962067e-05 1.229307e-04
2.0200 1.005194e-04 9.587595e-05 2.013472e-05 1.089110e-04
2.0300 9.707957e-05 9.532244e-05 2.070507e-05 1.063955e-04
2.0400 9.607238e-05 9.863703e-05 2.477473e-05 1.028303e-04
2.0500 9.379835e-05 9.720934e-05 3.370332e-05 9.371439e-05
2.0600 9.338477e-05 1.031780e-04 4.676936e-05 7.573419e-05
2.0700 9.575720e-05 1.070041e-04 5.024590e-05 6.704463e-05
2.0800 9.365707e-05 1.078793e-04 5.080328e-05 6.558588e-05
2.0900 9.233824e-05 1.058305e-04 4.967936e-05 6.533644e-05
2.1000 9.237262e-05 9.842231e-05 4.409464e-05 6.686557e-05
2.1100 9.134376e-05 8.827706e-05 3.700389e-05 7.677895e-05
2.1200 8.953656e-05 7.869391e-05 3.139789e-05 8.164667e-05
2.1300 8.942596e-05 7.608381e-05 2.344682e-05 8.161777e-05
2.1400 9.167929e-05 7.617640e-05 1.906473e-05 8.412869e-05
2.1500 9.563072e-05 8.477296e-05 1.738475e-05 8.590688e-05
2.1600 9.953754e-05 9.336798e-05 1.615144e-05 8.533574e-05
2.1700 1.029158e-04 9.665103e-05 1.452332e-05 8.301271e-05
2.1800 1.032944e-04 9.730277e-05 1.267545e-05 8.161242e-05
2.1900 1.020995e-04 8.933576e-05 1.168857e-05 7.980721e-05
2.2000 9.217732e-05 7.310590e-05 1.027396e-05 7.424116e-05
2.2100 8.966146e-05 5.075359e-05 8.440746e-06 6.256644e-05
2.2200 8.310922e-05 4.110510e-05 6.902595e-06 5.451295e-05
2.2300 7.911600e-05 3.491308e-05 6.529436e-06 5.374002e-05
2.2400 7.869426e-05 3.489335e-05 6.978460e-06 5.281090e-05
2.2500 9.113155e-05 3.733069e-05 8.108129e-06 5.122042e-05
2.2600 1.014759e-04 4.114795e-05 9.322746e-06 4.621763e-05
2.2700 1.160730e-04 4.339084e-05 1.030306e-05 4.460882e-05
2.2800 1.207366e-04 4.619314e-05 1.064707e-05 4.485785e-05
2.2900 1.142374e-04 4.899234e-05 1.139580e-05 4.505780e-05
2.3000 1.159787e-04 5.497425e-05 1.316517e-05 4.801489e-05
2.3100 1.126351e-04 6.977643e-05 1.560099e-05 5.466100e-05
2.3200 1.240235e-04 7.820619e-05 1.723727e-05 5.863550e-05
2.3300 1.271744e-04 8.106298e-05 1.743132e-05 5.915565e-05
2.3400 1.330716e-04 8.281004e-05 1.570263e-05 5.891246e-05
2.3500 1.308150e-04 8.255283e-05 1.479998e-05 5.746380e-05
2.3600 1.330918e-04 8.188238e-05 1.258733e-05 5.571666e-05
2.3700 1.327855e-04 8.003894e-05 1.042349e-05 5.556504e-05
2.3800 1.340511e-04 7.589610e-05 8.759644e-06 5.425004e-05
2.3900 1.307149e-04 6.981125e-05 7.484962e-06 5.324224e-05
2.4000 1.160024e-04 5.606557e-05 5.944768e-06 4.673902e-05
2.4100 9.337316e-05 3.740482e-05 4.269580e-06 3.464191e-05
2.4200 8.266801e-05 2.327747e-05 3.046498e-06 2.628889e-05
2.4300 7.744290e-05 1.743462e-05 2.879893e-06 2.519505e-05
2.4400 7.430482e-05 1.866061e-05 4.371094e-06 2.586225e-05
2.4500 8.165899e-05 2.851071e-05 6.671576e-06 2.927465e-05
2.4600 9.879252e-05 4.780679e-05 1.006743e-05 3.727858e-05
2.4700 1.195410e-04 5.828620e-05 1.329982e-05 4.169682e-05
2.4800 1.364407e-04 6.063120e-05 1.647818e-05 4.271837e-05
2.4900 1.423481e-04 6.738332e-05 2.033255e-05 4.304169e-05
2.5000 1.644573e-04 7.766959e-05 2.291232e-05 4.741728e-05
2.5100 1.856763e-04 8.782606e-05 3.052754e-05 5.640241e-05
2.5200 1.776310e-04 9.714598e-05 3.506194e-05 6.326331e-05
2.5300 1.719854e-04 9.563770e-05 3.882201e-05 6.336723e-05
2.5400 1.615276e-04 9.513953e-05 3.916654e-05 6.120445e-05
2.5500 1.488323e-04 8.419632e-05 2.942403e-05 5.453764e-05
2.5600 1.245272e-04 8.576908e-05 2.260914e-05 4.215018e-05
2.5700 1.086393e-04 7.880704e-05 1.354711e-05 3.437628e-05
2.5800 9.420019e-05 7.991909e-05 9.894812e-06 3.294528e-05
2.5900 9.562404e-05 7.519311e-05 9.042497e-06 3.149341e-05
2.6000 9.793315e-05 6.471543e-05 8.860522e-06 2.837656e-05
2.6100 1.155156e-04 7.257962e-05 9.645827e-06 2.350597e-05
2.6200 1.176650e-04 6.400920e-05 1.092495e-05 2.097583e-05
2.6300 1.097903e-04 5.849252e-05 1.159058e-05 2.056810e-05
2.6400 1.248789e-04 5.877775e-05 1.157620e-05 2.040847e-05
2.6500 1.146017e-04 5.494303e-05 1.063557e-05 1.960775e-05
2.6600 1.189049e-04 5.283359e-05 8.125658e-06 2.248860e-05
2.6700 1.156363e-04 4.873707e-05 7.073998e-06 2.241402e-05
2.6800 1.124473e-04 4.826555e-05 7.049942e-06 2.148731e-05
2.6900 9.035677e-05 5.215907e-05 7.131350e-06 2.293500e-05
2.7000 8.123566e-05 6.117926e-05 7.417758e-06 2.630166e-05
2.7100 8.282836e-05 7.367074e-05 7.414878e-06 2.905721e-05
2.7200 8.078975e-05 7.843007e-05 8.702325e-06 3.066037e-05
2.7300 9.206794e-05 7.732247e-05 8.815101e-06 3.102380e-05
2.7400 8.734840e-05 6.903542e-05 8.420794e-06 3.127382e-05
2.7500 8.273178e-05 6.230966e-05 8.072754e-06 3.640613e-05
2.7600 8.165755e-05 5.995370e-05 9.290370e-06 4.533717e-05
2.7700 8.125768e-05 5.638890e-05 7.965006e-06 5.001366e-05
2.7800 7.928563e-05 5.461928e-05 8.800259e-06 5.066712e-05
2.7900 7.867004e-05 5.352740e-05 1.154302e-05 4.815863e-05
2.8000 8.511407e-05 5.710432e-05 1.800764e-05 4.423031e-05
2.8100 8.686049e-05 6.417707e-05 2.890786e-05 4.055455e-05
2.8200 9.936625e-05 6.577589e-05 2.991091e-05 3.881025e-05
2.8300 1.029780e-04 6.287175e-05 3.229401e-05 3.723180e-05
2.8400 9.695617e-05 5.946220e-05 2.921648e-05 3.389750e-05
2.8500 9.416314e-05 5.048272e-05 2.257788e-05 2.762427e-05
2.8600 8.678562e-05 3.865158e-05 1.684784e-05 2.027701e-05
2.8700 7.938162e-05 3.148764e-05 1.148550e-05 1.807042e-05
2.8800 7.570254e-05 2.841507e-05 9.473179e-06 1.630329e-05
2.8900 7.043378e-05 2.815716e-05 7.090508e-06 1.528361e-05
2.9000 7.433340e-05 3.251102e-05 5.631890e-06 1.486904e-05
2.9100 7.557781e-05 3.409220e-05 4.578249e-06 1.541460e-05
2.9200 9.084758e-05 3.720102e-05 3.958636e-06 1.445328e-05
2.9300 7.527229e-05 3.811399e-05 3.593683e-06 1.321089e-05
2.9400 6.846411e-05 3.277968e-05 3.579010e-06 1.155489e-05
2.9500 5.528419e-05 2.745750e-05 3.748975e-06 1.592598e-05
2.9600 4.948627e-05 2.101863e-05 3.612828e-06 2.194802e-05
2.9700 5.261043e-05 1.312998e-05 4.889455e-06 2.289777e-05
2.9800 4.301131e-05 1.293985e-05 6.191890e-06 2.052731e-05
2.9900 1.426895e-03 1.874210e-03 5.845158e-04 9.520326e-04
